123456	-75.55903	-21.38292	24
123456	-34.601772	35.795975	44
123456	-75.4545	61.077713	53
123456	-89.17983	51.768326	150
123456	-86.166885	82.54114	23
123456	-31.607376	58.816956	43
123456	-85.51061	8.668518	21
123456	-42.253933	101.09769	30
123456	-70.04075	47.494232	151
123456	-50.42138	-18.117355	63
123456	-69.31555	2.4552155	57
123456	-40.17492	29.640778	75
123456	-36.149418	58.902924	97
123456	-21.332932	47.141235	83
123456	-62.23375	61.307983	109
123456	-71.650406	92.073395	58
123456	-39.038395	28.612	60
