123456	63.23874	-131.08832	148
123456	79.64888	-147.23988	146
123456	44.97522	-179.47272	95
123456	50.550613	-164.58672	184
123456	-3.6424255	-136.24489	175
123456	83.729385	-120.197876	136
123456	58.573776	-145.2596	136
123456	26.439468	-170.39061	151
123456	42.04065	-129.82175	132
123456	71.03717	-117.730804	117
123456	51.479782	-103.87829	122
123456	67.00249	-131.12553	178
123456	8.729294	-146.92873	165
123456	34.95195	-130.13104	190
123456	78.250626	-160.30325	165
123456	42.289307	-114.32974	188
