123456	4.022629	59.826645	41
123456	29.995308	-46.06888	8
123456	75.7278	-13.441971	49
123456	10.860695	-26.745987	51
123456	71.681335	-4.678238	15
123456	-25.317062	5.801361	66
123456	-12.675766	-0.48439026	63
123456	78.986115	8.505157	8
123456	36.072556	2.8072357	13
123456	-21.858704	-46.288773	26
123456	44.522156	-57.24888	4
123456	24.547607	9.195099	96
123456	53.573578	16.94426	2
123456	87.34105	33.11612	58
123456	0.839798	60.003906	34
123456	66.96443	-42.58264	30
123456	68.49301	-4.570099	34
123456	21.16275	-2.6033936	13
123456	77.20691	9.752197	48
123456	6.3130646	-16.509384	35
123456	-31.306713	-1.215271	57
123456	35.67491	-15.95076	88
123456	83.12471	5.527237	91
123456	17.149162	-56.032204	5
123456	48.172287	39.755966	10
123456	-2.3062363	33.715576	19
123456	-33.870033	8.748322	13
123456	34.478287	-11.554092	45
123456	52.924988	-24.329117	40
123456	29.407394	28.911087	64
123456	30.279213	-33.992218	37
