123456	50.99759	168.06064	87
123456	16.077011	111.62598	102
123456	60.690628	152.5592	119
123456	80.24495	79.082184	76
123456	84.43729	85.30655	106
123456	35.4597	66.42926	174
123456	-6.506485	62.38835	135
123456	-12.212341	101.01413	35
123456	84.17961	55.281235	87
123456	76.440765	169.07867	70
123456	53.711792	68.9268	51
123456	73.217865	160.09552	92
123456	-12.263092	80.636536	102
123456	20.113266	65.18173	63
123456	-6.3872223	60.87561	164
123456	13.9624405	123.23218	2
123456	-32.202934	74.81659	176
123456	-10.935112	117.425476	99
123456	46.33548	73.85756	164
123456	-3.81855	69.348404	110
123456	78.64104	173.80511	43
123456	24.57766	125.46237	27
123456	3.713379	157.9719	111
123456	77.983444	121.98456	135
123456	39.362076	58.213013	146
123456	55.98372	140.39749	37
123456	29.004433	114.07312	48
123456	32.147995	65.90175	49
123456	47.374603	126.55679	123
123456	85.50481	116.21332	189
123456	49.55591	124.68524	104
123456	60.770706	136.48569	188
123456	42.359177	77.004364	61
123456	-9.012962	117.13895	1
123456	85.21745	115.74835	57
