123456	-59.894005	-78.83931	164
123456	-67.39888	-96.95059	184
123456	-27.147034	-25.18785	184
123456	-86.301575	-33.679	126
123456	-17.427094	-83.308685	110
123456	-48.21378	-68.55031	124
123456	-57.8946	-96.90781	193
123456	-77.98283	28.555893	195
123456	-65.00322	-36.113846	173
123456	-34.4492	-64.27306	146
123456	-60.80816	-102.07775	185
123456	-89.45481	-102.79785	166
123456	-69.30254	49.73259	189
123456	-53.080025	-49.62297	197
123456	-46.59362	-89.62758	114
123456	-59.429104	-37.354156	131
123456	-64.404	-117.387024	187
