123456	86.382614	-71.353905	149
123456	27.476059	-20.475998	186
123456	79.07352	-93.53548	132
123456	-11.226662	4.8893433	119
123456	25.725708	-46.63063	172
123456	-8.088844	49.660217	187
123456	54.159378	-76.21405	152
123456	-0.64362335	-4.206375	108
123456	6.511856	-26.701202	95
123456	44.151337	49.681747	180
123456	15.186325	20.28363	197
123456	89.387924	-32.258972	184
123456	78.916794	-71.14603	115
123456	86.99176	-12.995468	180
123456	49.00624	15.561798	118
123456	5.702217	-99.389984	128
123456	33.489494	-18.414444	174
123456	29.40599	-43.12683	167
123456	15.928772	-27.060791	152
123456	74.91838	-34.75276	120
123456	73.617096	-45.761063	165
123456	39.168945	11.04158	199
123456	1.5793076	31.076248	160
123456	-5.2682114	-45.05446	162
123456	67.60379	49.066788	179
123456	2.4245758	16.350616	114
123456	39.373215	6.7974854	153
123456	72.25404	-63.82634	170
123456	10.168083	18.171722	150
123456	75.776566	-69.51515	124
