123456	77.370834	-130.83289	29
123456	26.289062	-93.82889	58
123456	59.203415	-162.85526	24
123456	40.717224	-129.49615	65
123456	-12.086021	-110.513016	69
123456	20.81102	-107.22946	27
123456	47.517654	-107.97897	72
123456	75.837204	-73.76472	34
123456	22.862144	-133.72174	79
123456	-10.753616	-145.82565	66
123456	57.177765	-92.17555	104
123456	63.255463	-150.43805	45
123456	48.819122	-98.719925	17
123456	81.670654	-142.08818	41
123456	30.684662	-138.43456	54
123456	-17.550156	-118.22585	60
123456	16.329536	-96.111206	54
123456	18.054413	-92.01353	84
123456	4.848671	-73.540825	33
123456	86.24544	-132.45677	18
123456	36.92074	-99.67803	74
123456	34.544495	-105.733986	1
123456	84.878876	-144.98645	42
